30 30
                              
                              
                              
                              
                              
                              
                              
                              
                              
                              
                              
                              
                              
                              
1               2             
                              
                              
                              
                              
                              
                              
                              
                              
                              
                              
                              
                              
                              
                              
                              